=================== GuessES ===================
1.0
1.8
2.6
3.4000000000000004
4.2
5.0
5.5
6.0
6.5
7.0
7.0
7.0
7.0
7.0
7.0
7.0
7.0
7.0
7.0
7.0
7.0
7.0
7.0
7.0
7.0
7.0
7.0
7.0
7.0
Area: 172.5
ADPF: 0.8497536945812808
=================== GuessES ===================
=================== ConstraintES ===================
1.0
2.0
3.0
4.0
5.0
5.0
5.0
5.0
6.0
6.0
6.0
6.0
6.0
6.0
6.0
6.0
6.0
6.5
7.0
7.0
7.0
7.0
7.0
7.0
7.0
7.0
7.0
7.0
7.0
Area: 164.0
ADPF: 0.8078817733990148
=================== ConstraintES ===================
=================== StatementES ===================
1.0
2.0
3.0
4.0
4.0
4.0
4.0
4.0
4.0
4.0
5.0
5.0
5.0
5.0
6.0
6.0
6.0
6.0
6.0
7.0
7.0
7.0
7.0
7.0
7.0
7.0
7.0
7.0
7.0
Area: 150.5
ADPF: 0.7413793103448276
=================== StatementES ===================
=================== Guess ===================
1.0
2.0
3.0
4.0
4.25
4.5
4.75
5.0
5.0
5.0
5.0
5.0
5.0
5.0
5.0
5.0
5.0
5.0
5.0
5.0
6.0
6.0
6.0
6.0
6.0
6.0
7.0
7.0
7.0
Area: 142.0
ADPF: 0.6995073891625616
=================== Guess ===================
=================== Constraint ===================
1.0
2.0
3.0
4.0
4.0
4.0
4.0
4.0
5.0
5.0
5.0
5.0
5.0
5.5
6.0
6.0
6.0
6.0
6.0
6.0
6.0
7.0
7.0
7.0
7.0
7.0
7.0
7.0
7.0
Area: 151.0
ADPF: 0.7438423645320197
=================== Constraint ===================
=================== Statement ===================
1.0
2.0
2.0
2.0
2.0
2.0
2.0
2.0
2.0
2.0
3.0
3.0
4.0
5.0
6.0
6.0
6.0
6.0
6.0
6.0
6.0
6.0
6.0
6.0
6.0
6.0
7.0
7.0
7.0
Area: 123.5
ADPF: 0.6083743842364532
=================== Statement ===================
=================== Best ===================
1
2
3
4
5
6
7
7
7
7
7
7
7
7
7
7
7
7
7
7
7
7
7
7
7
7
7
7
7
Area: 178.5
ADPF: 0.8793103448275862
=================== Best ===================
=================== Random ===================
0.2413793103448276
0.4827586206896552
0.7241379310344828
0.9655172413793104
1.206896551724138
1.4482758620689655
1.6896551724137931
1.9310344827586208
2.1724137931034484
2.413793103448276
2.655172413793103
2.8965517241379306
3.137931034482758
3.3793103448275854
3.620689655172413
3.86206896551724
4.103448275862068
4.344827586206895
4.586206896551722
4.82758620689655
5.068965517241377
5.310344827586205
5.551724137931032
5.793103448275859
6.034482758620687
6.275862068965514
6.517241379310342
6.758620689655169
6.9999999999999964
Area: 101.49999999999997
ADPF: 0.5000000000000001
=================== Random ===================
