=================== GuessES ===================
0.5454545454545454
1.0909090909090908
1.6363636363636362
2.1818181818181817
2.727272727272727
3.2727272727272725
3.818181818181818
4.363636363636363
4.909090909090908
5.454545454545453
5.999999999999998
6.333333333333331
6.666666666666664
6.999999999999997
7.33333333333333
7.666666666666663
7.9999999999999964
7.9999999999999964
7.9999999999999964
7.9999999999999964
7.9999999999999964
7.9999999999999964
7.9999999999999964
8.199999999999996
8.399999999999995
8.599999999999994
8.799999999999994
8.999999999999993
8.999999999999993
8.999999999999993
Area: 183.49999999999994
ADPF: 0.67962962962963
=================== GuessES ===================
=================== ConstraintES ===================
0.3333333333333333
0.6666666666666666
1.0
1.6666666666666665
2.333333333333333
2.9999999999999996
2.9999999999999996
2.9999999999999996
2.9999999999999996
2.9999999999999996
3.333333333333333
3.6666666666666665
4.0
4.333333333333333
4.666666666666666
4.999999999999999
4.999999999999999
4.999999999999999
5.333333333333332
5.666666666666665
5.999999999999998
5.999999999999998
6.333333333333331
6.666666666666664
6.999999999999997
6.999999999999997
6.999999999999997
7.999999999999997
7.999999999999997
8.999999999999996
Area: 133.49999999999997
ADPF: 0.4944444444444445
=================== ConstraintES ===================
=================== StatementES ===================
1.0
1.0
2.0
2.0
2.0
2.0
2.0
2.0
2.0
2.0
2.0
3.0
3.0
4.0
5.0
6.0
6.0
7.0
7.0
7.0
7.0
7.0
8.0
8.0
9.0
9.0
9.0
9.0
9.0
9.0
Area: 147.5
ADPF: 0.5462962962962963
=================== StatementES ===================
=================== Guess ===================
0.5714285714285714
1.1428571428571428
1.7142857142857142
2.2857142857142856
2.8571428571428568
3.428571428571428
3.999999999999999
3.999999999999999
3.999999999999999
3.999999999999999
3.999999999999999
4.199999999999999
4.3999999999999995
4.6
4.8
5.0
5.0
5.0
6.0
7.0
8.0
8.0
8.0
8.0
8.0
8.0
9.0
9.0
9.0
9.0
Area: 157.5
ADPF: 0.5833333333333334
=================== Guess ===================
=================== Constraint ===================
1.0
2.0
2.3333333333333335
2.666666666666667
3.0000000000000004
3.0000000000000004
3.0000000000000004
3.0000000000000004
3.0000000000000004
3.0000000000000004
3.5000000000000004
4.0
4.0
4.5
5.0
5.0
5.5
6.0
6.0
6.0
6.0
7.0
7.0
7.0
7.333333333333333
7.666666666666666
7.999999999999999
9.0
9.0
9.0
Area: 148.0
ADPF: 0.5481481481481482
=================== Constraint ===================
=================== Statement ===================
1.0
2.0
2.0
2.0
2.0
2.0
3.0
4.0
4.0
5.0
5.0
6.0
6.0
7.0
7.0
7.0
7.0
7.0
8.0
8.0
8.0
8.0
8.0
8.0
8.0
8.0
8.0
9.0
9.0
9.0
Area: 173.5
ADPF: 0.6425925925925926
=================== Statement ===================
=================== Best ===================
1
2
3
4
5
6
7
8
9
9
9
9
9
9
9
9
9
9
9
9
9
9
9
9
9
9
9
9
9
9
Area: 229.5
ADPF: 0.85
=================== Best ===================
=================== Random ===================
0.3
0.6
0.8999999999999999
1.2
1.5
1.8
2.1
2.4
2.6999999999999997
2.9999999999999996
3.2999999999999994
3.599999999999999
3.899999999999999
4.199999999999999
4.499999999999999
4.799999999999999
5.099999999999999
5.399999999999999
5.699999999999998
5.999999999999998
6.299999999999998
6.599999999999998
6.899999999999998
7.1999999999999975
7.499999999999997
7.799999999999997
8.099999999999998
8.399999999999999
8.7
9.0
Area: 134.99999999999997
ADPF: 0.4999999999999999
=================== Random ===================
