=================== GuessES ===================
1.0
2.0
3.0
4.0
4.666666666666667
5.333333333333334
6.000000000000001
6.666666666666668
7.333333333333335
8.000000000000002
8.666666666666668
9.333333333333334
10.0
11.0
12.0
12.375
12.75
13.125
13.5
13.875
14.25
14.625
15.0
15.0
15.0
15.0
15.0
15.0
15.0
15.0
15.0
15.0
15.0
15.0
15.0
15.0
15.0
15.0
Area: 426.0
ADPF: 0.7473684210526316
=================== GuessES ===================
=================== ConstraintES ===================
0.8
1.6
2.4000000000000004
3.2
4.0
5.0
6.0
7.0
8.0
9.0
9.5
10.0
10.0
10.0
10.0
10.0
10.75
11.5
12.25
13.0
13.0
13.0
13.0
13.0
13.0
13.0
13.0
13.666666666666666
14.333333333333332
14.999999999999998
14.999999999999998
14.999999999999998
14.999999999999998
14.999999999999998
14.999999999999998
14.999999999999998
14.999999999999998
14.999999999999998
Area: 400.50000000000006
ADPF: 0.7026315789473686
=================== ConstraintES ===================
=================== StatementES ===================
0.0
1.0
2.0
3.0
3.5
4.0
4.0
5.0
5.0
6.0
7.0
8.0
9.0
10.0
10.0
10.0
11.0
11.0
11.0
11.0
11.0
11.666666666666666
12.333333333333332
12.999999999999998
12.999999999999998
12.999999999999998
13.999999999999998
13.999999999999998
13.999999999999998
13.999999999999998
13.999999999999998
14.999999999999998
14.999999999999998
14.999999999999998
14.999999999999998
14.999999999999998
14.999999999999998
14.999999999999998
Area: 373.0
ADPF: 0.6543859649122808
=================== StatementES ===================
=================== Guess ===================
1.0
1.6666666666666665
2.333333333333333
2.9999999999999996
3.9999999999999996
5.0
6.0
7.0
7.8
8.6
9.4
10.200000000000001
11.000000000000002
11.000000000000002
11.000000000000002
11.000000000000002
11.000000000000002
11.000000000000002
11.000000000000002
11.000000000000002
11.000000000000002
12.000000000000002
12.000000000000002
12.000000000000002
12.333333333333336
12.66666666666667
13.000000000000004
13.000000000000004
13.000000000000004
13.000000000000004
13.500000000000004
14.000000000000004
14.000000000000004
14.000000000000004
15.000000000000004
15.000000000000004
15.000000000000004
15.000000000000004
Area: 386.0
ADPF: 0.6771929824561402
=================== Guess ===================
=================== Constraint ===================
1.0
2.0
2.6666666666666665
3.333333333333333
3.9999999999999996
4.5
5.0
5.0
5.5
6.0
6.5
7.0
7.333333333333333
7.666666666666666
7.999999999999999
8.666666666666666
9.333333333333332
9.999999999999998
9.999999999999998
9.999999999999998
9.999999999999998
9.999999999999998
9.999999999999998
10.999999999999998
10.999999999999998
11.499999999999998
11.999999999999998
12.999999999999998
13.999999999999998
13.999999999999998
13.999999999999998
13.999999999999998
13.999999999999998
13.999999999999998
13.999999999999998
13.999999999999998
14.999999999999998
14.999999999999998
Area: 346.5
ADPF: 0.6078947368421054
=================== Constraint ===================
=================== Statement ===================
1.0
2.0
2.0
3.0
3.0
3.0
4.0
5.0
5.0
5.0
5.0
5.0
6.0
6.0
7.0
8.0
8.0
8.0
8.0
9.0
9.0
9.0
9.0
9.0
10.0
10.0
10.0
11.0
12.0
12.0
13.0
14.0
14.0
14.0
14.0
14.0
14.0
15.0
Area: 308.5
ADPF: 0.5412280701754386
=================== Statement ===================
=================== Best ===================
1
2
3
4
5
6
7
8
9
10
11
12
13
14
15
15
15
15
15
15
15
15
15
15
15
15
15
15
15
15
15
15
15
15
15
15
15
15
Area: 457.5
ADPF: 0.8026315789473685
=================== Best ===================
=================== Random ===================
0.39473684210526316
0.7894736842105263
1.1842105263157894
1.5789473684210527
1.973684210526316
2.368421052631579
2.7631578947368425
3.1578947368421058
3.552631578947369
3.9473684210526323
4.342105263157896
4.736842105263158
5.131578947368421
5.526315789473684
5.921052631578947
6.31578947368421
6.710526315789473
7.105263157894735
7.499999999999998
7.894736842105261
8.289473684210524
8.684210526315788
9.078947368421051
9.473684210526315
9.868421052631579
10.263157894736842
10.657894736842106
11.05263157894737
11.447368421052634
11.842105263157897
12.236842105263161
12.631578947368425
13.026315789473689
13.421052631578952
13.815789473684216
14.21052631578948
14.605263157894743
15.000000000000007
Area: 285.00000000000006
ADPF: 0.4999999999999999
=================== Random ===================
