=================== GuessES ===================
0.8333333333333334
1.6666666666666667
2.5
3.3333333333333335
4.166666666666667
5.0
5.0
5.0
5.0
5.0
5.0
5.0
5.0
5.0
5.0
5.0
5.0
5.0
5.0
5.0
5.0
Area: 90.0
ADPF: 0.8571428571428571
=================== GuessES ===================
=================== ConstraintES ===================
0.5
1.0
1.5
2.0
2.0
2.0
2.0
2.0
2.0
2.0
2.0
2.0
2.0
2.0
3.0
3.0
3.0
4.0
5.0
5.0
5.0
Area: 50.5
ADPF: 0.48095238095238096
=================== ConstraintES ===================
=================== StatementES ===================
1.0
1.0
1.0
1.0
2.0
2.0
2.0
2.0
3.0
4.0
5.0
5.0
5.0
5.0
5.0
5.0
5.0
5.0
5.0
5.0
5.0
Area: 71.5
ADPF: 0.680952380952381
=================== StatementES ===================
=================== Guess ===================
0.8
1.6
2.4000000000000004
3.2
4.0
4.2
4.4
4.6000000000000005
4.800000000000001
5.000000000000001
5.000000000000001
5.000000000000001
5.000000000000001
5.000000000000001
5.000000000000001
5.000000000000001
5.000000000000001
5.000000000000001
5.000000000000001
5.000000000000001
5.000000000000001
Area: 87.5
ADPF: 0.8333333333333333
=================== Guess ===================
=================== Constraint ===================
1.0
1.0
1.0
1.0
1.0
1.0
1.0
2.0
2.0
2.0
2.0
3.0
3.6666666666666665
4.333333333333333
5.0
5.0
5.0
5.0
5.0
5.0
5.0
Area: 58.5
ADPF: 0.5571428571428572
=================== Constraint ===================
=================== Statement ===================
0.0
1.0
2.0
3.0
4.0
5.0
5.0
5.0
5.0
5.0
5.0
5.0
5.0
5.0
5.0
5.0
5.0
5.0
5.0
5.0
5.0
Area: 87.5
ADPF: 0.8333333333333334
=================== Statement ===================
=================== Best ===================
1
2
3
4
5
5
5
5
5
5
5
5
5
5
5
5
5
5
5
5
5
Area: 92.5
ADPF: 0.8809523809523809
=================== Best ===================
=================== Random ===================
0.23809523809523808
0.47619047619047616
0.7142857142857142
0.9523809523809523
1.1904761904761905
1.4285714285714286
1.6666666666666667
1.9047619047619049
2.142857142857143
2.380952380952381
2.619047619047619
2.857142857142857
3.0952380952380953
3.3333333333333335
3.5714285714285716
3.8095238095238098
4.0476190476190474
4.285714285714286
4.523809523809524
4.761904761904762
5.0
Area: 52.5
ADPF: 0.5
=================== Random ===================
