=================== GuessES ===================
0.3333333333333333
0.6666666666666666
1.0
1.3333333333333333
1.6666666666666665
1.9999999999999998
2.125
2.25
2.375
2.5
2.625
2.75
2.875
3.0
3.0
3.0
3.0
3.0
3.0
3.0
3.0
3.0
3.0
3.0
3.0
Area: 59.0
ADPF: 0.7866666666666666
=================== GuessES ===================
=================== ConstraintES ===================
0.0
0.16666666666666666
0.3333333333333333
0.5
0.6666666666666666
0.8333333333333333
0.9999999999999999
0.9999999999999999
0.9999999999999999
0.9999999999999999
0.9999999999999999
0.9999999999999999
0.9999999999999999
0.9999999999999999
0.9999999999999999
2.0
2.0
2.0
3.0
3.0
3.0
3.0
3.0
3.0
3.0
Area: 37.0
ADPF: 0.49333333333333335
=================== ConstraintES ===================
=================== StatementES ===================
1.0
1.0
1.0
1.0
1.0
1.0
1.0
1.0
1.0
1.0
1.0
2.0
2.0
2.0
2.0
2.0
2.0
2.0
2.0
3.0
3.0
3.0
3.0
3.0
3.0
Area: 43.5
ADPF: 0.58
=================== StatementES ===================
=================== Guess ===================
0.5
1.0
1.0
1.25
1.5
1.75
2.0
2.0
2.0
2.0
2.0
2.0
2.0
2.0
2.0
2.0
2.0
3.0
3.0
3.0
3.0
3.0
3.0
3.0
3.0
Area: 51.5
ADPF: 0.6866666666666666
=================== Guess ===================
=================== Constraint ===================
0.0
0.0
0.0
0.0
0.0
0.0
0.0
0.0
0.0
0.0
0.0
1.0
1.0
1.0
1.0
2.0
2.0
2.0
2.0
3.0
3.0
3.0
3.0
3.0
3.0
Area: 28.5
ADPF: 0.38
=================== Constraint ===================
=================== Statement ===================
0.0
0.0
0.0
0.0
0.0
0.0
0.0
0.0
0.5
1.0
1.0
1.0
1.0
2.0
2.0
2.5
3.0
3.0
3.0
3.0
3.0
3.0
3.0
3.0
3.0
Area: 36.5
ADPF: 0.4866666666666667
=================== Statement ===================
=================== Best ===================
1
2
3
3
3
3
3
3
3
3
3
3
3
3
3
3
3
3
3
3
3
3
3
3
3
Area: 70.5
ADPF: 0.94
=================== Best ===================
=================== Random ===================
0.12
0.24
0.36
0.48
0.6
0.72
0.84
0.96
1.08
1.2000000000000002
1.3200000000000003
1.4400000000000004
1.5600000000000005
1.6800000000000006
1.8000000000000007
1.9200000000000008
2.040000000000001
2.160000000000001
2.280000000000001
2.4000000000000012
2.5200000000000014
2.6400000000000015
2.7600000000000016
2.8800000000000017
3.0000000000000018
Area: 37.50000000000002
ADPF: 0.5
=================== Random ===================
