=================== GuessES ===================
0.627906976744186
1.255813953488372
1.8837209302325582
2.511627906976744
3.1395348837209305
3.7674418604651168
4.395348837209303
5.023255813953489
5.651162790697676
6.279069767441862
6.906976744186048
7.534883720930234
8.16279069767442
8.790697674418606
9.418604651162791
10.046511627906977
10.674418604651162
11.302325581395348
11.930232558139533
12.558139534883718
13.186046511627904
13.81395348837209
14.441860465116275
15.06976744186046
15.697674418604645
16.32558139534883
16.953488372093016
17.5813953488372
18.209302325581387
18.837209302325572
19.465116279069758
20.093023255813943
20.72093023255813
21.348837209302314
21.9767441860465
22.604651162790685
23.23255813953487
23.860465116279055
24.48837209302324
25.116279069767426
25.74418604651161
26.372093023255797
26.999999999999982
27.351851851851833
27.703703703703685
28.055555555555536
28.407407407407387
28.759259259259238
29.11111111111109
29.46296296296294
29.814814814814792
30.166666666666643
30.518518518518494
30.870370370370345
31.222222222222197
31.574074074074048
31.9259259259259
32.27777777777775
32.629629629629605
32.98148148148146
33.333333333333314
33.68518518518517
34.037037037037024
34.38888888888888
34.74074074074073
35.09259259259259
35.44444444444444
35.7962962962963
36.14814814814815
36.50000000000001
36.85185185185186
37.20370370370372
37.55555555555557
37.907407407407426
38.25925925925928
38.611111111111136
38.96296296296299
39.314814814814845
39.6666666666667
40.018518518518555
40.37037037037041
40.722222222222264
41.07407407407412
41.425925925925974
41.77777777777783
42.12962962962968
42.48148148148154
42.83333333333339
43.18518518518525
43.5370370370371
43.88888888888896
44.24074074074081
44.592592592592666
44.94444444444452
45.296296296296376
45.64814814814823
46.000000000000085
46.15384615384624
46.30769230769239
46.461538461538545
46.6153846153847
46.76923076923085
46.923076923077005
47.07692307692316
47.23076923076931
47.384615384615465
47.53846153846162
47.69230769230777
47.846153846153925
48.00000000000008
48.15384615384623
48.307692307692385
48.46153846153854
48.61538461538469
48.769230769230845
48.923076923077
49.07692307692315
49.230769230769305
49.38461538461546
49.53846153846161
49.692307692307764
49.84615384615392
50.00000000000007
50.230769230769305
50.46153846153854
50.69230769230777
50.923076923077005
51.15384615384624
51.38461538461547
51.615384615384706
51.84615384615394
52.07692307692317
52.307692307692406
52.53846153846164
52.76923076923087
53.00000000000011
53.23076923076934
53.461538461538574
53.69230769230781
53.92307692307704
54.153846153846274
54.38461538461551
54.61538461538474
54.846153846153975
55.07692307692321
55.30769230769244
55.538461538461675
55.76923076923091
56.00000000000014
56.04761904761919
56.095238095238244
56.142857142857295
56.190476190476346
56.2380952380954
56.28571428571445
56.3333333333335
56.38095238095255
56.4285714285716
56.47619047619065
56.5238095238097
56.571428571428754
56.619047619047805
56.666666666666856
56.71428571428591
56.76190476190496
56.80952380952401
56.85714285714306
56.90476190476211
56.95238095238116
57.00000000000021
57.00000000000021
57.00000000000021
57.00000000000021
57.00000000000021
57.00000000000021
57.00000000000021
57.00000000000021
57.00000000000021
57.00000000000021
57.00000000000021
57.00000000000021
57.08333333333355
57.166666666666885
57.25000000000022
57.333333333333556
57.41666666666689
57.50000000000023
57.58333333333356
57.6666666666669
57.750000000000234
57.83333333333357
57.916666666666906
58.00000000000024
58.00000000000024
58.00000000000024
58.00000000000024
58.00000000000024
58.00000000000024
58.00000000000024
58.00000000000024
58.00000000000024
58.00000000000024
58.00000000000024
58.00000000000024
58.00000000000024
58.00000000000024
58.00000000000024
58.00000000000024
58.00000000000024
58.00000000000024
58.00000000000024
58.00000000000024
58.00000000000024
58.00000000000024
58.00000000000024
58.00000000000024
58.00000000000024
Area: 9073.000000000013
ADPF: 0.720880343238517
=================== GuessES ===================
=================== ConstraintES ===================
0.3333333333333333
0.6666666666666666
1.0
1.3333333333333333
1.6666666666666665
1.9999999999999998
2.333333333333333
2.6666666666666665
3.0
3.3333333333333335
3.666666666666667
4.0
4.5
5.0
5.5
6.0
6.5
7.0
7.5
8.0
8.5
9.0
9.5
10.0
10.5
11.0
11.5
12.0
12.5
13.0
13.5
14.0
14.5
15.0
15.5
16.0
16.5
17.0
17.5
18.0
18.5
19.0
19.5
20.0
20.5
21.0
21.5
22.0
22.142857142857142
22.285714285714285
22.428571428571427
22.57142857142857
22.71428571428571
22.857142857142854
22.999999999999996
23.14285714285714
23.28571428571428
23.428571428571423
23.571428571428566
23.714285714285708
23.85714285714285
23.999999999999993
24.142857142857135
24.285714285714278
24.42857142857142
24.571428571428562
24.714285714285705
24.857142857142847
24.99999999999999
25.263157894736832
25.526315789473674
25.789473684210517
26.05263157894736
26.3157894736842
26.578947368421044
26.842105263157887
27.10526315789473
27.36842105263157
27.631578947368414
27.894736842105257
28.1578947368421
28.42105263157894
28.684210526315784
28.947368421052627
29.21052631578947
29.47368421052631
29.736842105263154
29.999999999999996
30.21428571428571
30.428571428571427
30.642857142857142
30.857142857142858
31.071428571428573
31.28571428571429
31.500000000000004
31.71428571428572
31.928571428571434
32.142857142857146
32.35714285714286
32.57142857142858
32.78571428571429
33.00000000000001
33.28571428571429
33.57142857142858
33.85714285714286
34.142857142857146
34.42857142857143
34.714285714285715
35.0
35.285714285714285
35.57142857142857
35.857142857142854
36.14285714285714
36.42857142857142
36.71428571428571
36.99999999999999
37.41666666666666
37.83333333333332
38.249999999999986
38.66666666666665
39.083333333333314
39.49999999999998
39.91666666666664
40.33333333333331
40.74999999999997
41.166666666666636
41.5833333333333
41.999999999999964
42.124999999999964
42.249999999999964
42.374999999999964
42.499999999999964
42.624999999999964
42.749999999999964
42.874999999999964
42.999999999999964
43.44444444444441
43.88888888888885
44.33333333333329
44.777777777777736
45.22222222222218
45.66666666666662
46.111111111111065
46.55555555555551
46.99999999999995
46.99999999999995
46.99999999999995
46.99999999999995
46.99999999999995
46.99999999999995
46.99999999999995
46.99999999999995
46.99999999999995
46.99999999999995
46.99999999999995
47.272727272727224
47.5454545454545
47.81818181818177
48.090909090909044
48.36363636363632
48.63636363636359
48.909090909090864
49.18181818181814
49.45454545454541
49.727272727272684
49.99999999999996
50.1428571428571
50.28571428571425
50.428571428571395
50.57142857142854
50.71428571428569
50.85714285714283
50.99999999999998
51.42857142857141
51.85714285714284
52.28571428571427
52.7142857142857
53.14285714285713
53.57142857142856
53.99999999999999
53.99999999999999
53.99999999999999
53.99999999999999
53.99999999999999
53.99999999999999
53.99999999999999
53.99999999999999
53.99999999999999
53.99999999999999
53.99999999999999
53.99999999999999
54.33333333333333
54.666666666666664
55.0
55.25
55.5
55.75
56.0
56.0
56.5
57.0
57.0
57.0
58.0
58.0
58.0
58.0
58.0
58.0
58.0
58.0
58.0
58.0
58.0
58.0
58.0
58.0
Area: 7456.499999999997
ADPF: 0.5924439853805814
=================== ConstraintES ===================
=================== StatementES ===================
0.0
0.0
1.0
1.75
2.5
3.25
4.0
5.0
5.0
6.0
6.0
6.0
6.0
6.5
7.0
7.5
8.0
9.0
9.333333333333334
9.666666666666668
10.000000000000002
10.000000000000002
11.000000000000002
12.000000000000002
12.333333333333336
12.66666666666667
13.000000000000004
14.000000000000004
15.000000000000004
15.000000000000004
15.000000000000004
15.000000000000004
15.000000000000004
15.000000000000004
15.000000000000004
15.000000000000004
15.000000000000004
15.000000000000004
15.000000000000004
16.000000000000004
16.000000000000004
16.000000000000004
17.000000000000004
17.000000000000004
17.000000000000004
17.000000000000004
17.000000000000004
18.000000000000004
18.000000000000004
18.000000000000004
18.500000000000004
19.000000000000004
19.500000000000004
20.000000000000004
21.000000000000004
21.000000000000004
21.000000000000004
21.000000000000004
21.000000000000004
21.000000000000004
22.000000000000004
22.000000000000004
22.000000000000004
22.000000000000004
22.000000000000004
22.000000000000004
22.000000000000004
22.000000000000004
22.000000000000004
23.000000000000004
23.500000000000004
24.000000000000004
24.000000000000004
24.000000000000004
24.000000000000004
24.000000000000004
25.000000000000004
25.000000000000004
26.000000000000004
26.000000000000004
26.250000000000004
26.500000000000004
26.750000000000004
27.000000000000004
27.000000000000004
27.000000000000004
28.000000000000004
29.000000000000004
29.000000000000004
30.000000000000004
31.000000000000004
32.0
32.0
32.0
33.0
33.0
33.0
33.0
33.0
33.0
33.0
34.0
35.0
36.0
37.0
38.0
38.5
39.0
39.5
40.0
41.0
42.0
42.333333333333336
42.66666666666667
43.00000000000001
43.00000000000001
43.00000000000001
43.00000000000001
43.00000000000001
43.00000000000001
43.00000000000001
43.00000000000001
43.00000000000001
43.00000000000001
43.00000000000001
43.00000000000001
43.00000000000001
43.00000000000001
43.50000000000001
44.00000000000001
44.00000000000001
44.00000000000001
44.66666666666667
45.333333333333336
46.0
46.0
46.0
46.0
46.0
46.0
46.0
46.0
47.0
48.0
48.0
49.0
49.0
49.0
49.0
49.0
50.0
50.0
50.0
50.0
50.0
50.0
50.0
50.0
50.0
50.0
50.0
50.0
50.0
50.0
50.0
50.0
50.0
51.0
51.0
51.0
51.5
52.0
52.0
52.0
52.0
53.0
53.0
54.0
54.0
54.0
54.0
55.0
55.0
55.0
55.0
55.0
55.0
56.0
56.0
57.0
57.0
57.0
58.0
58.0
58.0
58.0
58.0
58.0
58.0
58.0
58.0
58.0
58.0
58.0
58.0
58.0
58.0
58.0
58.0
58.0
58.0
58.0
58.0
58.0
58.0
58.0
58.0
Area: 7601.5
ADPF: 0.6039647227077706
=================== StatementES ===================
=================== Guess ===================
0.631578947368421
1.263157894736842
1.894736842105263
2.526315789473684
3.1578947368421053
3.7894736842105265
4.421052631578948
5.052631578947369
5.68421052631579
6.3157894736842115
6.947368421052633
7.578947368421054
8.210526315789474
8.842105263157896
9.473684210526317
10.105263157894738
10.73684210526316
11.36842105263158
12.000000000000002
12.315789473684212
12.631578947368423
12.947368421052634
13.263157894736844
13.578947368421055
13.894736842105265
14.210526315789476
14.526315789473687
14.842105263157897
15.157894736842108
15.473684210526319
15.78947368421053
16.10526315789474
16.42105263157895
16.736842105263158
17.052631578947366
17.368421052631575
17.684210526315784
17.999999999999993
18.39130434782608
18.782608695652165
19.17391304347825
19.565217391304337
19.956521739130423
20.34782608695651
20.739130434782595
21.13043478260868
21.521739130434767
21.913043478260853
22.30434782608694
22.695652173913025
23.08695652173911
23.478260869565197
23.869565217391283
24.26086956521737
24.652173913043455
25.04347826086954
25.434782608695627
25.826086956521713
26.2173913043478
26.608695652173886
26.99999999999997
27.333333333333304
27.666666666666636
27.999999999999968
28.3333333333333
28.666666666666632
28.999999999999964
29.333333333333297
29.66666666666663
29.99999999999996
30.333333333333293
30.666666666666625
30.999999999999957
31.33333333333329
31.66666666666662
31.999999999999954
32.333333333333286
32.66666666666662
32.99999999999996
33.33333333333329
33.66666666666663
33.999999999999964
34.222222222222186
34.44444444444441
34.66666666666663
34.88888888888885
35.11111111111107
35.33333333333329
35.555555555555515
35.777777777777736
35.99999999999996
36.22222222222218
36.4444444444444
36.66666666666662
36.88888888888884
37.111111111111065
37.333333333333286
37.55555555555551
37.77777777777773
37.99999999999995
38.12499999999995
38.24999999999995
38.37499999999995
38.49999999999995
38.62499999999995
38.74999999999995
38.87499999999995
38.99999999999995
39.12499999999995
39.24999999999995
39.37499999999995
39.49999999999995
39.62499999999995
39.74999999999995
39.87499999999995
39.99999999999995
40.07692307692303
40.15384615384611
40.23076923076919
40.30769230769227
40.38461538461535
40.46153846153843
40.53846153846151
40.61538461538459
40.69230769230767
40.76923076923075
40.84615384615383
40.92307692307691
40.99999999999999
41.39999999999999
41.79999999999999
42.19999999999999
42.59999999999999
42.999999999999986
43.399999999999984
43.79999999999998
44.19999999999998
44.59999999999998
44.99999999999998
45.39999999999998
45.799999999999976
46.199999999999974
46.59999999999997
46.99999999999997
47.39999999999997
47.79999999999997
48.19999999999997
48.599999999999966
48.999999999999964
48.999999999999964
48.999999999999964
48.999999999999964
49.11111111111108
49.22222222222219
49.33333333333331
49.44444444444442
49.555555555555536
49.66666666666665
49.777777777777764
49.88888888888888
49.99999999999999
50.14285714285714
50.285714285714285
50.42857142857143
50.57142857142858
50.71428571428572
50.85714285714287
51.000000000000014
51.000000000000014
51.000000000000014
51.000000000000014
51.000000000000014
51.000000000000014
51.000000000000014
51.000000000000014
51.16666666666668
51.33333333333334
51.50000000000001
51.66666666666667
51.833333333333336
52.0
52.6
53.2
53.800000000000004
54.400000000000006
55.00000000000001
55.00000000000001
55.00000000000001
55.00000000000001
55.00000000000001
55.00000000000001
55.50000000000001
56.00000000000001
56.00000000000001
56.00000000000001
56.33333333333334
56.66666666666668
57.000000000000014
57.000000000000014
57.000000000000014
57.000000000000014
57.000000000000014
57.500000000000014
58.000000000000014
58.000000000000014
58.000000000000014
58.000000000000014
58.000000000000014
58.000000000000014
58.000000000000014
58.000000000000014
58.000000000000014
58.000000000000014
58.000000000000014
58.000000000000014
58.000000000000014
58.000000000000014
Area: 7899.499999999997
ADPF: 0.6276418242491654
=================== Guess ===================
=================== Constraint ===================
1.0
1.5555555555555556
2.111111111111111
2.666666666666667
3.2222222222222223
3.7777777777777777
4.333333333333333
4.888888888888888
5.444444444444444
5.999999999999999
6.199999999999999
6.3999999999999995
6.6
6.8
7.0
7.2
7.4
7.6000000000000005
7.800000000000001
8.0
8.181818181818182
8.363636363636363
8.545454545454545
8.727272727272727
8.909090909090908
9.09090909090909
9.272727272727272
9.454545454545453
9.636363636363635
9.818181818181817
9.999999999999998
10.166666666666664
10.33333333333333
10.499999999999996
10.666666666666663
10.833333333333329
10.999999999999995
11.099999999999994
11.199999999999994
11.299999999999994
11.399999999999993
11.499999999999993
11.599999999999993
11.699999999999992
11.799999999999992
11.899999999999991
11.999999999999991
12.42857142857142
12.857142857142849
13.285714285714278
13.714285714285706
14.142857142857135
14.571428571428564
14.999999999999993
15.499999999999993
15.999999999999993
16.499999999999993
16.999999999999993
17.499999999999993
17.999999999999993
18.363636363636356
18.72727272727272
19.090909090909083
19.454545454545446
19.81818181818181
20.181818181818173
20.545454545454536
20.9090909090909
21.272727272727263
21.636363636363626
21.99999999999999
22.19999999999999
22.399999999999988
22.599999999999987
22.799999999999986
22.999999999999986
23.199999999999985
23.399999999999984
23.599999999999984
23.799999999999983
23.999999999999982
24.249999999999982
24.499999999999982
24.749999999999982
24.999999999999982
25.249999999999982
25.499999999999982
25.749999999999982
25.999999999999982
26.41666666666665
26.833333333333318
27.249999999999986
27.666666666666654
28.08333333333332
28.49999999999999
28.916666666666657
29.333333333333325
29.749999999999993
30.16666666666666
30.58333333333333
30.999999999999996
31.28571428571428
31.571428571428566
31.85714285714285
32.14285714285714
32.42857142857142
32.71428571428571
32.99999999999999
33.28571428571428
33.57142857142856
33.85714285714285
34.14285714285713
34.428571428571416
34.7142857142857
34.999999999999986
34.999999999999986
34.999999999999986
34.999999999999986
34.999999999999986
34.999999999999986
34.999999999999986
34.999999999999986
34.999999999999986
35.33333333333332
35.66666666666666
35.99999999999999
36.49999999999999
36.99999999999999
37.49999999999999
37.99999999999999
38.14285714285714
38.285714285714285
38.42857142857143
38.57142857142858
38.71428571428572
38.85714285714287
39.000000000000014
39.000000000000014
39.000000000000014
39.66666666666668
40.33333333333334
41.00000000000001
41.00000000000001
41.00000000000001
41.00000000000001
41.00000000000001
41.00000000000001
41.00000000000001
41.00000000000001
41.50000000000001
42.00000000000001
42.50000000000001
43.00000000000001
43.50000000000001
44.00000000000001
44.50000000000001
45.00000000000001
45.66666666666667
46.333333333333336
47.0
47.4
47.8
48.199999999999996
48.599999999999994
48.99999999999999
48.99999999999999
48.99999999999999
49.33333333333333
49.666666666666664
50.0
50.333333333333336
50.66666666666667
51.00000000000001
51.00000000000001
51.00000000000001
51.16666666666667
51.333333333333336
51.5
51.666666666666664
51.83333333333333
51.99999999999999
51.99999999999999
52.49999999999999
52.99999999999999
53.99999999999999
54.99999999999999
54.99999999999999
54.99999999999999
54.99999999999999
54.99999999999999
54.99999999999999
54.99999999999999
55.24999999999999
55.49999999999999
55.74999999999999
55.99999999999999
56.33333333333333
56.666666666666664
57.0
57.0
57.0
57.0
57.0
57.0
57.0
57.0
57.0
57.0
57.0
57.0
57.0
57.0
58.0
58.0
58.0
58.0
58.0
Area: 6863.499999999999
ADPF: 0.5453281423804226
=================== Constraint ===================
=================== Statement ===================
1.0
2.0
3.0
3.0
3.0
3.0
4.0
4.0
4.0
5.0
6.0
6.0
6.0
6.0
6.0
6.0
7.0
7.0
7.0
7.0
8.0
8.0
9.0
9.0
9.0
9.0
9.0
9.5
10.0
10.5
11.0
11.0
12.0
12.5
13.0
13.0
13.5
14.0
15.0
16.0
16.0
16.0
16.0
16.0
16.0
17.0
18.0
18.0
18.5
19.0
19.0
19.5
20.0
21.0
22.0
22.0
22.0
22.0
22.0
22.0
22.0
22.0
23.0
24.0
24.5
25.0
25.0
25.0
25.0
25.0
26.0
26.0
26.0
27.0
28.0
28.0
28.0
28.0
28.0
28.0
28.0
29.0
29.0
30.0
30.0
30.0
30.0
31.0
31.0
31.0
31.0
32.0
32.0
32.0
32.0
32.0
32.0
32.0
32.0
32.0
32.0
32.0
32.0
32.5
33.0
33.0
33.0
34.0
34.0
34.0
35.0
35.0
35.0
35.0
35.0
35.0
35.0
35.0
35.5
36.0
36.0
36.0
37.0
38.0
38.0
38.0
38.0
39.0
40.0
41.0
42.0
43.0
44.0
44.0
44.0
44.0
44.0
44.0
45.0
45.0
45.0
46.0
46.0
46.0
46.0
46.0
46.0
46.0
46.0
46.0
46.0
46.333333333333336
46.66666666666667
47.00000000000001
47.00000000000001
48.00000000000001
48.00000000000001
49.00000000000001
49.00000000000001
49.00000000000001
49.00000000000001
50.00000000000001
50.00000000000001
50.00000000000001
50.00000000000001
50.00000000000001
50.00000000000001
50.00000000000001
51.00000000000001
51.00000000000001
51.00000000000001
51.00000000000001
51.50000000000001
52.00000000000001
53.00000000000001
53.00000000000001
53.00000000000001
53.00000000000001
54.00000000000001
54.00000000000001
54.00000000000001
54.00000000000001
54.00000000000001
54.00000000000001
54.00000000000001
54.00000000000001
54.00000000000001
54.00000000000001
54.00000000000001
54.00000000000001
55.00000000000001
55.00000000000001
55.00000000000001
56.00000000000001
56.00000000000001
56.00000000000001
56.00000000000001
56.00000000000001
56.00000000000001
56.00000000000001
56.00000000000001
56.00000000000001
56.00000000000001
56.00000000000001
56.00000000000001
56.00000000000001
57.00000000000001
57.00000000000001
57.00000000000001
57.00000000000001
57.00000000000001
57.00000000000001
57.00000000000001
57.00000000000001
58.00000000000001
58.00000000000001
58.00000000000001
Area: 7328.0
ADPF: 0.5822342285078658
=================== Statement ===================
=================== Best ===================
1
2
3
4
5
6
7
8
9
10
11
12
13
14
15
16
17
18
19
20
21
22
23
24
25
26
27
28
29
30
31
32
33
34
35
36
37
38
39
40
41
42
43
44
45
46
47
48
49
50
51
52
53
54
55
56
57
58
58
58
58
58
58
58
58
58
58
58
58
58
58
58
58
58
58
58
58
58
58
58
58
58
58
58
58
58
58
58
58
58
58
58
58
58
58
58
58
58
58
58
58
58
58
58
58
58
58
58
58
58
58
58
58
58
58
58
58
58
58
58
58
58
58
58
58
58
58
58
58
58
58
58
58
58
58
58
58
58
58
58
58
58
58
58
58
58
58
58
58
58
58
58
58
58
58
58
58
58
58
58
58
58
58
58
58
58
58
58
58
58
58
58
58
58
58
58
58
58
58
58
58
58
58
58
58
58
58
58
58
58
58
58
58
58
58
58
58
58
58
58
58
58
58
58
58
58
58
58
58
58
58
58
58
58
58
58
58
Area: 10904.0
ADPF: 0.8663594470046083
=================== Best ===================
=================== Random ===================
0.2672811059907834
0.5345622119815668
0.8018433179723503
1.0691244239631337
1.336405529953917
1.6036866359447004
1.8709677419354838
2.1382488479262673
2.4055299539170507
2.672811059907834
2.9400921658986174
3.207373271889401
3.474654377880184
3.7419354838709675
4.009216589861751
4.276497695852535
4.5437788018433185
4.811059907834102
5.078341013824886
5.34562211981567
5.612903225806454
5.8801843317972375
6.147465437788021
6.414746543778805
6.682027649769589
6.949308755760373
7.216589861751157
7.48387096774194
7.751152073732724
8.018433179723507
8.28571428571429
8.552995391705073
8.820276497695856
9.087557603686639
9.354838709677422
9.622119815668205
9.889400921658988
10.15668202764977
10.423963133640553
10.691244239631336
10.95852534562212
11.225806451612902
11.493087557603685
11.760368663594468
12.027649769585251
12.294930875576034
12.562211981566817
12.8294930875576
13.096774193548383
13.364055299539165
13.631336405529948
13.898617511520731
14.165898617511514
14.433179723502297
14.70046082949308
14.967741935483863
15.235023041474646
15.502304147465429
15.769585253456212
16.036866359446996
16.30414746543778
16.571428571428562
16.838709677419345
17.105990783410128
17.37327188940091
17.640552995391694
17.907834101382477
18.17511520737326
18.442396313364043
18.709677419354826
18.97695852534561
19.24423963133639
19.511520737327174
19.778801843317957
20.04608294930874
20.313364055299523
20.580645161290306
20.84792626728109
21.115207373271872
21.382488479262655
21.649769585253438
21.91705069124422
22.184331797235004
22.451612903225787
22.71889400921657
22.986175115207352
23.253456221198135
23.520737327188918
23.7880184331797
24.055299539170484
24.322580645161267
24.58986175115205
24.857142857142833
25.124423963133616
25.3917050691244
25.65898617511518
25.926267281105964
26.193548387096747
26.46082949308753
26.728110599078313
26.995391705069096
27.26267281105988
27.529953917050662
27.797235023041445
28.064516129032228
28.33179723502301
28.599078341013794
28.866359447004577
29.13364055299536
29.400921658986142
29.668202764976925
29.93548387096771
30.20276497695849
30.470046082949274
30.737327188940057
31.00460829493084
31.271889400921623
31.539170506912406
31.80645161290319
32.07373271889397
32.341013824884755
32.60829493087554
32.87557603686632
33.1428571428571
33.410138248847886
33.67741935483867
33.94470046082945
34.211981566820235
34.47926267281102
34.7465437788018
35.013824884792584
35.28110599078337
35.54838709677415
35.81566820276493
36.082949308755715
36.3502304147465
36.61751152073728
36.884792626728064
37.15207373271885
37.41935483870963
37.68663594470041
37.953917050691196
38.22119815668198
38.48847926267276
38.755760368663545
39.02304147465433
39.29032258064511
39.55760368663589
39.824884792626676
40.09216589861746
40.35944700460824
40.626728110599025
40.89400921658981
41.16129032258059
41.428571428571374
41.69585253456216
41.96313364055294
42.23041474654372
42.497695852534505
42.76497695852529
43.03225806451607
43.299539170506854
43.56682027649764
43.83410138248842
44.1013824884792
44.368663594469986
44.63594470046077
44.90322580645155
45.170506912442335
45.43778801843312
45.7050691244239
45.97235023041468
46.239631336405466
46.50691244239625
46.77419354838703
47.041474654377815
47.3087557603686
47.57603686635938
47.843317972350164
48.11059907834095
48.37788018433173
48.64516129032251
48.912442396313295
49.17972350230408
49.44700460829486
49.714285714285644
49.98156682027643
50.24884792626721
50.51612903225799
50.783410138248776
51.05069124423956
51.31797235023034
51.585253456221125
51.85253456221191
52.11981566820269
52.38709677419347
52.654377880184256
52.92165898617504
53.18894009216582
53.456221198156605
53.72350230414739
53.99078341013817
54.258064516128954
54.52534562211974
54.79262672811052
55.0599078341013
55.327188940092086
55.59447004608287
55.86175115207365
56.129032258064434
56.39631336405522
56.663594470046
56.93087557603678
57.198156682027566
57.46543778801835
57.73271889400913
57.999999999999915
Area: 6292.999999999994
ADPF: 0.5000000000000002
=================== Random ===================
