=================== GuessES ===================
0.7142857142857143
1.4285714285714286
2.142857142857143
2.857142857142857
3.5714285714285716
4.285714285714286
5.0
5.571428571428571
6.142857142857142
6.7142857142857135
7.285714285714285
7.857142857142856
8.428571428571427
8.999999999999998
8.999999999999998
8.999999999999998
8.999999999999998
8.999999999999998
9.666666666666664
10.33333333333333
10.999999999999996
11.999999999999996
11.999999999999996
11.999999999999996
11.999999999999996
11.999999999999996
Area: 191.99999999999997
ADPF: 0.6153846153846155
=================== GuessES ===================
=================== ConstraintES ===================
1.0
1.6
2.2
2.8000000000000003
3.4000000000000004
4.0
4.333333333333333
4.666666666666666
4.999999999999999
5.333333333333332
5.666666666666665
5.999999999999998
6.499999999999998
6.999999999999998
7.666666666666665
8.333333333333332
8.999999999999998
9.499999999999998
9.999999999999998
9.999999999999998
10.999999999999998
10.999999999999998
11.999999999999998
11.999999999999998
11.999999999999998
11.999999999999998
Area: 178.0
ADPF: 0.5705128205128206
=================== ConstraintES ===================
=================== StatementES ===================
1.0
2.0
3.0
4.0
4.0
5.0
6.0
6.0
6.0
6.0
7.0
8.0
8.0
8.0
8.0
8.0
8.0
9.0
10.0
10.0
11.0
11.0
12.0
12.0
12.0
12.0
Area: 191.0
ADPF: 0.6121794871794872
=================== StatementES ===================
=================== Guess ===================
0.5
1.0
1.0
1.3333333333333333
1.6666666666666665
1.9999999999999998
2.333333333333333
2.6666666666666665
3.0
3.6666666666666665
4.333333333333333
5.0
5.666666666666667
6.333333333333334
7.000000000000001
8.0
9.0
9.5
10.0
11.0
11.5
12.0
12.0
12.0
12.0
12.0
Area: 160.5
ADPF: 0.5144230769230769
=================== Guess ===================
=================== Constraint ===================
0.0
0.5
1.0
1.0
1.0
2.0
2.5
3.0
4.0
5.0
5.5
6.0
7.0
7.0
7.0
8.0
8.0
8.0
9.0
10.0
11.0
12.0
12.0
12.0
12.0
12.0
Area: 160.5
ADPF: 0.5144230769230769
=================== Constraint ===================
=================== Statement ===================
1.0
1.0
2.0
2.0
3.0
3.0
3.0
4.0
5.0
6.0
6.0
6.0
6.0
7.0
8.0
8.0
9.0
10.0
10.0
10.0
11.0
11.0
12.0
12.0
12.0
12.0
Area: 174.0
ADPF: 0.5576923076923077
=================== Statement ===================
=================== Best ===================
1
2
3
4
5
6
7
8
9
10
11
12
12
12
12
12
12
12
12
12
12
12
12
12
12
12
Area: 240.0
ADPF: 0.7692307692307693
=================== Best ===================
=================== Random ===================
0.46153846153846156
0.9230769230769231
1.3846153846153846
1.8461538461538463
2.307692307692308
2.7692307692307696
3.2307692307692313
3.692307692307693
4.153846153846154
4.615384615384616
5.0769230769230775
5.538461538461539
6.000000000000001
6.461538461538463
6.923076923076924
7.384615384615386
7.846153846153848
8.307692307692308
8.76923076923077
9.230769230769232
9.692307692307693
10.153846153846155
10.615384615384617
11.076923076923078
11.53846153846154
12.000000000000002
Area: 156.00000000000003
ADPF: 0.5
=================== Random ===================
